function [P,R,Q]  = initial_cov_mats()
                %x    %y      %Vx  %Vy %Theta
R  =   [ [    0.9   , 0      ,   0       ,  0         , 0]  ;  ...  
            [     0     ,  0.9  ,   0       ,  0         , 0]  ; ...
            [     0     ,    0   ,  0.2     ,  0         , 0]  ; ...
            [     0      ,   0   ,   0       ,  0.2         , 0]  ; ...
            [     0      ,   0   ,   0       ,  0         , 5]   ]  ;
        
Q  =   [ [    0.02   , 0      ,   0       ,  0         , 0]  ;  ...  
            [     0     ,  0.02  ,   0       ,  0         , 0]  ; ...
            [     0     ,    0   ,  0.2     ,  0           , 0]  ; ...
            [     0      ,   0   ,   0       ,  0.2        , 0]  ; ...
            [     0      ,   0   ,   0       ,  0           , 3]   ]  ;   
        
 P = [0.124547416195313,-1.09115371544242e-05,0,0,-0.00134521280451792; ...
     -1.09115371544241e-05,0.124548295671117,0,0,0.00199226520296282;0,0,0.118614066163451,0.0186140661634507,0; ... 
     0,0,0.0186140661634507,0.118614066163451,0;-0.00134521280451792,0.00199226520296282,0,0,2.65330239506984];      
 
 
end