function [P,R,Q]  = initial_cov_mats()
                %x    %y      %Vx  %Vy %Theta
R  =   [ [    0.9   , 0      ,   0       ,  0         , 0]  ;  ...  
            [     0     ,  0.9  ,   0       ,  0         , 0]  ; ...
            [     0     ,    0   ,  0.2     ,  0         , 0]  ; ...
            [     0      ,   0   ,   0       ,  0.2         , 0]  ; ...
            [     0      ,   0   ,   0       ,  0         , 5]   ]  ;
        
Q  =   [ [    0.02   , 0      ,   0       ,  0         , 0]  ;  ...  
            [     0     ,  0.02  ,   0       ,  0         , 0]  ; ...
            [     0     ,    0   ,  0.2     ,  0           , 0]  ; ...
            [     0      ,   0   ,   0       ,  0.2        , 0]  ; ...
            [     0      ,   0   ,   0       ,  0           , 3]   ]  ;   
        
 P =[0.124536262397879,1.68586023371090e-07,0,0,-2.04133926343496e-08; ... 
     1.68586023371084e-07,0.124583808868131,0,0,-0.00353120114306259;0,0,0.118614066163451,0.0186140661634507,0; ...
     0,0,0.0186140661634507,0.118614066163451,0;-2.04133926343496e-08,-0.00353120114306259,0,0,2.65329138921966] ;
 
end